ztedsngdrkbopwyzrfryzwzzckvwallsdqmmtdssownkrvixpfhaoktovukxlxi
57
63 0 0
63 0 0
3 23 5
48 0 13
17 40 39
12 19 38
21 2 33
28 22 17
63 0 0
15 31 28
8 28 33
21 41 20
11 12 1
51 8 2
50 1 1
63 0 0
63 0 0
36 2 13
9 9 13
63 0 0
52 6 1
63 0 0
63 0 0
63 0 0
18 29 37
11 26 51
63 0 0
63 0 0
12 50 19
36 20 27
63 0 0
33 16 21
50 13 3
11 31 25
47 11 13
32 14 2
63 0 0
16 38 21
38 2 1
26 22 5
63 0 0
43 6 17
44 16 6
17 5 15
46 14 3
63 0 0
17 23 4
63 0 0
46 15 2
1 39 47
46 8 4
57 5 0
63 0 0
63 0 0
63 0 0
63 0 0
55 8 2
